# starting
0 0.0004992567 0.9433844518 0.0005534213 0.0016284447 0.0072345826 0.0027681905 0.0069813742 0.0008906441 0.0019634324 0.0022114727 0.0047409337 0.0015451949 0.0069375740 0.0009232929 0.0006815869 0.0035216588 0.0029954206 0.0064916769 0.0015988806 0.0024485097 
1 0.0009970959 0.7985152886 0.0033831752 0.0074006151 0.0248136017 0.0099709044 0.0243938074 0.0035719531 0.0074251562 0.0085512577 0.0168671770 0.0057338180 0.0242608424 0.0036904521 0.0040301200 0.0124390299 0.0109641200 0.0226228944 0.0057296429 0.0046390482 
2 0.0014936933 0.6072264342 0.0105462564 0.0185014719 0.0443343364 0.0192459440 0.0448078895 0.0080142892 0.0153517286 0.0180853798 0.0318857299 0.0116473954 0.0445807528 0.0083293539 0.0122874248 0.0233097994 0.0215672128 0.0413550823 0.0110279878 0.0064018378 
3 0.0019892847 0.4047867889 0.0224664010 0.0341465351 0.0603010528 0.0288223422 0.0628311144 0.0140841161 0.0247330089 0.0294253706 0.0464011631 0.0186948419 0.0623887215 0.0148892997 0.0257325769 0.0337345848 0.0327087821 0.0575357063 0.0166619674 0.0076663416 
4 0.0024841208 0.2163280350 0.0380881429 0.0520749291 0.0704315686 0.0375981616 0.0756028057 0.0215033579 0.0346462529 0.0410219971 0.0583671730 0.0265017427 0.0746594877 0.0233126544 0.0429551956 0.0424624691 0.0428163589 0.0684302587 0.0222772100 0.0084380782 

# RESULTS:
# --------
# Time Elapsed: 17.880000 seconds

