# starting the propagation ...
# ... propagating a 50 x 50 matrix

started propagation
0 0.0009994998 0.9748837264 0.0003925490 0.0005330069 0.0003616871 0.0005447022 0.0005980047 0.0004216915 0.0003661039 0.0006219426 0.0004127008 0.0007177475 0.0003827340 0.0004476066 0.0005822610 0.0003465215 0.0005296737 0.0003354592 0.0003708156 0.0007020783 0.0006563781 0.0003418868 0.0005537693 0.0005511943 0.0005363537 0.0006474350 0.0006112324 0.0003375911 0.0003838109 0.0004637087 0.0005271221 0.0004203182 0.0004562820 0.0006308605 0.0004297784 0.0005395575 0.0007471312 0.0004859343 0.0006774768 0.0005379694 0.0006394120 0.0004599681 0.0005349489 0.0004512309 0.0006025792 0.0004140082 0.0006031918 0.0006674465 0.0005397327 0.0000011790 
1 0.0019979978 0.9394503342 0.0007932966 0.0014210617 0.0007173886 0.0013608591 0.0015941758 0.0008354214 0.0007749132 0.0016597420 0.0008338965 0.0018243035 0.0007747269 0.0009369464 0.0014739464 0.0006932171 0.0013123156 0.0006869195 0.0007379372 0.0018945291 0.0018493504 0.0006889598 0.0012904273 0.0014019719 0.0014553398 0.0017530688 0.0017178823 0.0006955124 0.0007599851 0.0010288482 0.0012537608 0.0009368962 0.0009998268 0.0017327448 0.0008751083 0.0013434350 0.0020573459 0.0010704448 0.0018641588 0.0012259114 0.0017186288 0.0009527979 0.0013338600 0.0009812012 0.0015741087 0.0009085277 0.0015299785 0.0019246797 0.0012953859 0.0000059240 
2 0.0029954905 0.8945739803 0.0012037033 0.0026251859 0.0010675276 0.0024166751 0.0029491880 0.0012463138 0.0012212839 0.0030963472 0.0012736873 0.0032998037 0.0011728090 0.0014709067 0.0026461341 0.0010422619 0.0023129093 0.0010580595 0.0011019983 0.0035181368 0.0035335661 0.0010519999 0.0021901270 0.0025209458 0.0026980552 0.0032925768 0.0032607878 0.0010754335 0.0011288217 0.0016940014 0.0021602003 0.0015453463 0.0016349500 0.0032486126 0.0013414090 0.0024056633 0.0038663479 0.0017491090 0.0035132994 0.0020695112 0.0031944300 0.0014788084 0.0023683676 0.0015854181 0.0028866789 0.0014782753 0.0027408616 0.0037302882 0.0022477873 0.0000159183 
3 0.0039919731 0.8413798463 0.0016265879 0.0040940522 0.0014127149 0.0036690092 0.0046104584 0.0016621941 0.0016981326 0.0049145144 0.0017483165 0.0051226572 0.0015723797 0.0020551658 0.0040604771 0.0013973108 0.0034827817 0.0014552624 0.0014640234 0.0054919887 0.0056495238 0.0014477720 0.0032263472 0.0038660398 0.0041817670 0.0052387034 0.0051588112 0.0014803299 0.0014907280 0.0024595716 0.0032202066 0.0022413124 0.0023706851 0.0050998110 0.0018371443 0.0037230015 0.0060867952 0.0025174189 0.0055633642 0.0030814832 0.0050093050 0.0020393690 0.0036006859 0.0022589491 0.0045050483 0.0021169311 0.0041823595 0.0060320953 0.0033719755 0.0000326186 
4 0.0049874391 0.7811997918 0.0020660672 0.0057668876 0.0017536482 0.0050660789 0.0065146169 0.0020927716 0.0021969136 0.0070948166 0.0022785473 0.0072692485 0.0019678877 0.0026976131 0.0056709984 0.0017633790 0.0047630299 0.0018871091 0.0018253736 0.0077183744 0.0081255300 0.0018969430 0.0043673179 0.0053867548 0.0058066871 0.0075612781 0.0073140757 0.0019138134 0.0018462461 0.0033274585 0.0044021155 0.0030202151 0.0032194377 0.0071906518 0.0023723888 0.0052938039 0.0086131764 0.0033703282 0.0079407812 0.0042795064 0.0070940385 0.0026365630 0.0049855286 0.0029964079 0.0063871770 0.0028172997 0.0057904114 0.0087682206 0.0046380516 0.0000571998 
5 0.0059818812 0.7155209278 0.0025274886 0.0075768337 0.0020909914 0.0065506168 0.0085904097 0.0025486692 0.0027082029 0.0096132190 0.0028877346 0.0097135235 0.0023534036 0.0034076590 0.0074261990 0.0021466891 0.0060885548 0.0023637563 0.0021876804 0.0100885472 0.0108799785 0.0024216314 0.0055776885 0.0070268220 0.0074639407 0.0102272083 0.0096181124 0.0023793399 0.0021960900 0.0043006674 0.0056701222 0.0038769253 0.0041953717 0.0094138279 0.0029571304 0.0071166428 0.0113275171 0.0043016999 0.0105631525 0.0056837583 0.0093707366 0.0032727769 0.0064723348 0.0037919318 0.0084848120 0.0035714950 0.0074943329 0.0118682680 0.0060121807 0.0000905166 
6 0.0069752915 0.6459295347 0.0030173447 0.0094545450 0.0024252523 0.0080632653 0.0107618933 0.0030403690 0.0032223674 0.0124385283 0.0035997325 0.0124265123 0.0027232417 0.0041954658 0.0092713750 0.0025544560 0.0073924234 0.0028962134 0.0025527714 0.0124889943 0.0138238981 0.0030428111 0.0068203451 0.0087270826 0.0090441014 0.0132004906 0.0119585050 0.0028793821 0.0025411866 0.0053828567 0.0069857358 0.0048054009 0.0053126327 0.0116563761 0.0035994831 0.0091887822 0.0141055830 0.0053037255 0.0133427574 0.0073142259 0.0117561612 0.0039502399 0.0080076776 0.0046391628 0.0107441848 0.0043711397 0.0092210466 0.0152546453 0.0074577214 0.0001330812 
7 0.0079676617 0.5740529102 0.0035431551 0.0113317941 0.0027566730 0.0095459832 0.0129517666 0.0035771480 0.0037302931 0.0155300399 0.0044367890 0.0153758434 0.0030725840 0.0050711359 0.0111510267 0.0029945869 0.0086102656 0.0034955303 0.0029225875 0.0148078410 0.0168637090 0.0037777987 0.0080582776 0.0104284251 0.0104456328 0.0164422776 0.0142255968 0.0034146577 0.0028827168 0.0065778315 0.0083093595 0.0057983227 0.0065835230 0.0138058701 0.0043039909 0.0115046027 0.0168232301 0.0063663910 0.0161901672 0.0091879840 0.0141652301 0.0046705375 0.0095377254 0.0055312432 0.0131068802 0.0052075726 0.0108992920 0.0188440178 0.0089364605 0.0001850608 
8 0.0089589833 0.5015017539 0.0041133002 0.0131448606 0.0030851484 0.0109452445 0.0150846847 0.0041660800 0.0042241420 0.0188356910 0.0054175743 0.0185253081 0.0033980566 0.0060438930 0.0130112427 0.0034752777 0.0096844134 0.0041719199 0.0032990991 0.0169410124 0.0199041196 0.0046380476 0.0092563950 0.0120746141 0.0115825949 0.0199110389 0.0163188313 0.0039834973 0.0032221516 0.0078889936 0.0096019426 0.0068467681 0.0080167425 0.0157565176 0.0050701946 0.0140540815 0.0193625509 0.0074770594 0.0190177918 0.0113166295 0.0165145330 0.0054341295 0.0110106289 0.0064608343 0.0155109266 0.0060720538 0.0124635349 0.0225488954 0.0104099237 0.0002462913 
9 0.0099492485 0.4298155886 0.0047367944 0.0148374987 0.0034101852 0.0122148293 0.0170904046 0.0048111749 0.0046981028 0.0222909936 0.0065554774 0.0218345323 0.0036982173 0.0071212912 0.0148019452 0.0040045018 0.0105675144 0.0049338463 0.0036842232 0.0187977996 0.0228510906 0.0056274425 0.0103831944 0.0136148533 0.0123910417 0.0235628393 0.0181523310 0.0045814267 0.0035612784 0.0093187589 0.0108266457 0.0079399592 0.0096158074 0.0174148426 0.0058916162 0.0168214298 0.0216174908 0.0086202325 0.0217431884 0.0137040492 0.0187257171 0.0062398984 0.0123787144 0.0074201679 0.0178921431 0.0069559617 0.0138573223 0.0262793507 0.0118407287 0.0003163075 

# RESULTS:
# --------
# Time Elapsed: 11721.820000 seconds

